2232221222512123622122521122722222313225383224332721221212452232281223232221232222232232152322212234
4222242332132235323563322453222222222222133933231211252322863222222422322224212222232228262232534423
5222221222212112251223228422222222622442132774142422324111221412232421423424622222422224222224221252
2232333333332322322331333323232233333432132223323334332332332226343111261322322343423332312333212323
5236262232231312132144326326351246512422331332344233134233434326233415324232711325434353322232423233
1335154424931345334445366453332954574259445174299945654443476243345221635859154378365569462444344363
2226322152312216224342441122233384332232323214525233332287422122412332225324232222321223122412323222
5585353537555556565556455355565554464548458534422564755555465555555574952445754566767558256654445646
7356575535555339544566444426354585566445454853564564455457544577565454346833764355363546354284634552
3456675745346549463424887284784535388945843743594645645483947655334577536745888784258334813456637585
2332321232223232281383133233241237233222242224442423294344132433233242316343113322223261223233235332
3353364564463535363555434363636575344534643232335445454443445554355453465665415664162242333136546636
3523262233945414457431421123514142433426534442456257225132442534242244142484444644351453544434232554
5533135546347874324222162155233532325534338333625333433223755413533443533792283643319263314527235231
4642235373533562633661227296542775577262468566755467457867613547573856662356366666766576527356454914
1232222212122223232221212321221322222213322222232121212222222222222212232122142222222222132222222222
6365554434644547583698527524654554364545555324334282372765582352441139155835548435343162736584338335
2242622217314224234222221224322321242112122223229162221121112243222162141122222344224212226422242412
3625272751761452366756221265526154377137437626473747615746345622322456312352562612476247463554656589
2223582221132225232314632262445625821525222321334422323322233523843335566112322322623262674122423153
2324242334222342323312413242222332332212124444131234222312332323332222212112242222242722252213222432
7253332333344553582444244552194324553235234551222927493135255947447535332535224781737522627322222423
2753768436587394743557367556775775666535373457557639574454587533775557866586395564376876966485657435
8845866864948457358668656597367349368267558458866148558595665548764838688454876483864268737967339756
8515543554733345338643473283523347672534343551433345254352563443262334535285364865444255539463366265
7427999374848254657877687698367822584889872873866873775898962794438422582825945883348884838492528234
3234525343551237432453334562757731434348574345357624834243343544135781343464236453272483236824445214
6325232252334423243324324333534345323233354222221441343333352562423232134252243335233243342322133235
6333695224355333327344345736283333353631443563425835813333285652343633454326432353453534335423932534
2343433333545338454353364436433353544444334435443333623343333453633346523363347334473445343293235435
4944734446324325245555334443244675344442245455254544433234235944544543643462222231344583434366323433
7555437764843566294445243446464387545346839743745336164293763354666534666566659966342464768976536383
1122326222222264125222712353235291322212222342125222227312221251122124252221232322222422223272224228
2332225321433224222252831447222452424433241233232448564132252122322423423211124292464222424327242712
3656254635464776698668465666845545655664537346275446663766652675466436647955666676567466564535466663
2442534325422333272312532322225425582542212142238512443456275221423423222435315225435245222125214453
6543376378883426357654384245776663233331633634653333344163434454567373344734387433742795453353664333
3222122212212223225232222213322222223521222222231212325225221222333222241222232112213424221121221223
3451373334423333437335343644343435327355421683335321333332345334333233353334433261474323363333513352
3534313344624343327534343643424333433447335433332334364542341236225333333334433364333363322434472333
4435522348345525245524585231753325231343515242545223435732334835443442229424335645462323334424435542
6452352146124554511141441443552365255663536246222556255366363345635114434354636225333254454354343789
3544352223541473552533322294122422332833328412523441823352423553321442355254422125214232221673234323
4423344263382233436433353323335143423335334632134223324153353332622433343322434344233433336433146334
5448722222355525313642582223298534794516449523477256253454815258123424513641793722224122724432522449
3481943372864952274824798499598226497754776394278334562747349748488523336677586649994366584933497744
2544534674634485233445232415454455546463435413433646143534436435643434423546743243225466334443534223
5425343356334262333234343453335333343323722234332343434233344533354226337433323313535533333543335533
4435536769529673747433236736854439336736736633979645644397385253374756454552635377854412365884766563
2222121132122222222233213223122222314331143212232221122421122322232213224152122222222222222212224222
5643322321231333313333133453266663423232331333133233421322823411346433334333332322322339533255622222
4242263152472565721422651322794376234853243232222252262732222832553866215252212182354182252281883232
6462684444863747363924723484536277365622536463344454527275583742852835243629438683451544412252824745
2275244528555544137446322512265247552942267113232226626426115154253467563222541745742435544322533257
2232532173451722252524623211863354222223322224314333222241134243532218232261445625264212255232225262
4535333222365523735256328724633332644226513422334544553667537234323463383255232268313535243327451225
2393233845222262234843424323133133332253332254423232233125848343432713211252525535222221433343724415
8412233432756335463232343333353343333724327434382364239874254744375527253334221323554452843954563373
2443334283354234362543474434422432344437724444336445243622343464461332212434324434222426435354442743
4212212355252112522311332212522324334122422223322224271222222221222231238424222112442232242221332252
1713546442562127424324284423553662322665222521652345332872223297432246715722233454223293664595462222
3633623433333344233232152333332334333434331223323332823443233332312563332335223323223323332143312323
5244344444322322233243123134223323344543222437443222537134252431233352264232223235444422322245513542
3232353331222132222331333325233133333322231323332232133312222332357333322332333224222233233427213232
2152223222352131224132321322131224222553142215322221222222221322233252223233231325222221122234132232
3272122321323292227226232347337522232552285142412242724272112747322122419134234224322414362135622361
5122322224363234213612464342222122522215314313332221215333532312232211334342226321232265232922235221
6322232344532312332223231132622222332345246331313212122342235244412323243213222253312431243363242232
6449374644555659593524567548954349755474446558426944463573575436448434544548757545443554454894525525
3221742821433432233212334335452222223323233232352162583325161232625323221326325165622262235252322556
3241143343443143642432743232422432442343452234352336241334231353323153433333244244335235342222332233
2424522215222324223222324413543217221222262122342315314222223221222412242232232221212223253322432122
3545441744224444325334263253342623454122442423333334466333423442432343424764436383443253521452356533
4344732333333313732334322243243343333434323153733353663331662334439382353343533492153234333235473634
1233546334413422546424533553444545254343534554243415343354433432453443342533444443343443444443435433
3323123223263222453323347362333333123414473322253533827333923251235634343413313332751533223132323333
3173227233222323377237233313237736331212223424224222413621322522421325624142324323323241234515542133
1225253225131336244835335452752552525251653256662365162252842726421962762826812221554133645236262922
6332323333343333333334343333333135333432421233233343133333332433335313334633233231331333333342233333
2323412263412242532223622433243612222322133244422132222124232222232323472132422221174222224123554211
7355343557327854484349422877521556335563536235379425435234367262627433375734433463536145625643232286
1232222623354514322342222242322363233621222232332242122212532232121212322232322232222422123235251631
3427634335354365336536353536636443469644333643537772366842357966323243365825326565124338195873643339
5382623233436328554424343137457292244681244867855316523446225544224454594678423224347552351333976838
2242323331222234122353243244323333334333244233233223433343244333332322233223432334332333332332222233
3447231323253561352512413273312575233325331225232432533233332323242711329242625524322935422565332223
6313225923482221333342318234262233341222324514432234473421322344422434341474534147273232433343433233
3222221122214221212133212222246212222122312721312242121222223231122222271222122232222212223222213322
5132112254122682222212332342322233312122264226412228232332422222244162222222271222212224322121212222
5342754564231235232232222452632472624423422445223222324443235522425323225321243223343432232523121334
7175644944444369546644355486448447539744379675444326762388434746493467644895633132544235536347343483
4332364243353633933265454361453332562366268266334433452266333663333233755421525323233233341336633636
7455413334451244228633335243343353963664594336633534342241131363924533356282435346644944433252933551
8225256334772685746775786862242777645355857776777666771768746783642677863233735884286578864787767267
3533232323333232234353242332328321325377222342523121332432522324333224433342233232323232431153423232
4553346233433532252672455574854519358548474184452242364526547457524534878527364552495235436875184552
3723635322485253173521144222323133195723525853433282377215352221512362233412525513322224337234383222
3223333333322333332473423343352223333433322223333333132232333233333143331133363333334333324332233342
4147662541266226265422553616242216165226436225226214262275625431648242266221118757526412664132225522
4622322344414322343534335143523222424445244246432314324444222424224432322234333334123232322214631263
1322233121423333234221332333253342342244322721233333114322343323312572233312232322311323221222322333
3222122121321222221322222122832222313322111232231222622325222232212124122123322324421222122242121222
2545254557534535558725453561524355362474354585554534647275585451358665434853455446723295546845544365
1341938243444316548293543443343215334344438523224334463325244353223523322334224223634612341563223222
2344232331432233352343233225213432333372343233331334523524324723444363233343333333322338334235364227
6422222222342225226222121327324332277222211222322712362542342621242322221132134222123133223242222111
9939493686246568339426749628665468366365778665156559532461744748427784476683437869444974234364465394
6872333237556343474335335333323826733237426933322653323435435333272383387834235634264337288574334739
2275734944375437226466546451562433414346247336552215338441633744274442264622463476344742475632747752
4589648554757985495952443356877682847643566473337696978368658758964784854466445666758795884347747643
5433353543753863486344354343737639464313773343543463433563631244534443142433344344583864453633472545
5233333652847232127278623723173352323543842333321322663342322724323633333523833483635337513333236268
2334332333353322223233333331333313333335323333341421323433343343332333531132533222335333334233333333
3123433422233143344233333333223363324223333334323322433332333333233331323253354312533333333323323233
1373321572241211212332311281221322223211113212226421316632242232151222612222212222221121222221213222
1233633335342233531323331213343233221222332232434622324244243243333332325332341352224533323324221323
3313122332346223222323332155233223331222322323222223243333211823323324221232383111323222322323232623
3224232222622223223221321122223243221222213311222222222122222252222223132221612213262222222213215222
4224423224333433442334244443434423346345443243333433434434225433234343433235442443433234334346433242
4422522211225223422222222224354222221522222212222222322222213222121251223125222231222133722231112122
1445741555152473243523215435225525355532342952224345544245553434342323254783474542253425334332343231
5323251625225253526222774636292255462216233225455665624351662657273261435122236128427236772222513243
6954224222227412455527221253431213362523226122455351224232113252254434165422223144235168434465343322
2125332313133323326332235324335522531133232223224232623212614132212251223232223231222422522212322333
6355248434544474525634544584584642742332325353975643748454324753437735724444348643443437544446537645
2266115262221132222722214162262222424262754326221223415522222354225232722242122622654191652225222322
4744564132424443243544343432447354274444644144224344414234448472335646444532434433144448425546843343
1211231412441222221332211238224132221244213222214422113322722328221312114352224123453832222322122112
3122123232222232221212122212211222221231222311222212212312222222132112222212222121221322222223231222
3645123432363542243447162423313542461334343339252223341513422953321342345145551423342265124523432453
8253297222442261221522122213224222422952622664713322222229626222261122525422521243121641225226652432
2222112222223232112212222243221236222522232133222123263222232623232222313323122333522221221222232312
2322333525363343633773133333333333233523717336332343331234233336331363273533122333142333132337353323
2362633122612426224122834222422253121542452464321222653212236654235424215231235368631232322324211922
2445465244313524445852544754425534472222343454544345525223453752543235445434454456445445784557453325
2322212212412232222422212222123124121122122322224222222221212211223322242214422121222212222222331222
6636493257463345356596643364454343736246342235324465343236375537864437445333644364164694545642663444
3311313233432432333362223232234434632231213322124424243333311237332222423313422222622433122223232133
5122222523222222122222212211321422221222212142142222122323222222342622342322221212222222343222222223
2492252432424233422131442222632323342233312223442422143433642233322224244332232215442424223223413623
2324222224211224123151722567222212122224122222222322322262573221516623122111153323262332233133242122
5333253334333238475423737433339234634353424534333733528124423434334339133137363633333398333734333234
7476857674675568694877373449365778656776974799767976797387566585735776644777447778284858736378989766
2366238224573633479167625779273575435537375356673339815666276946563367739534459675566576544553743656
4335233332544334252224375327452672124455343485523554443543234313575443243453335534243454355423455344
4322475654844615477875345347586236644384452347386844957543477565253735683563567662436566565755455744
1225222842223324212243422624422214144534262924243346282264222113142142252138293244321212242242222232
2221221242832335253725225412225292221225322322263322333421325152411125213436222652123223352252226712
2223342423153255424222252152333532143322234235224614153545326214223424154124254243534232225515242225
2221122222222122222232223312321222222322112121222252212122213222134322221211222122222222222312222221
4212442222732825262214624455833135224333422323325223232395227252484364123233445711132232432233231236
9566365548543566758364652675485653653453534554735455534658555765743333451475423554223435425528525435
1311132421334221323122412142411231341344313413434121312241443342411433244231231112122323221312156789
4533413432558366342253745545541325424355343536545225542352556232343334546152545944555554555242414122
2433565534222222342262422123222222211213322231212332121263226222243323243122232151312222222324722213
9743455658513315369434325544445344448324432232584644294365264235249539324475445344643542193564147544
2362135154326222321322363233322111355434344322222226663123832252233822712343341622232425223633726642
5521473334333454355445232355613333343375543524347336113334543232341333533753352336334354435633323524
2333546656333232329232565223536532225143512323284134253532242323232423244554237252254555415323435354
8444232323362332431314422323261234123431253234523333422242232332222432433311325313523522222221222421
3343462324432243247243431445482554323324235432434325433443524244355313412234123332434264253354431255
4422485344593358965445973272229184783548156312427283752674359263345683545353494228723345965633522453
3374246176145276565276217374117317572272168678475865167851675236237662847614486362485377284678214289
5741931522165244654521497466247527262371757723722174146221236426514116759522522714477546225222375261
2222242523332122432322232323232314522223322222233243222223224112223241242232322133231222122212223324
1422533255154345352664234435241542346555425455255226458615225575865524232352334142254345225254526445
3273242155344329123325662257221562357216313625165544242423225162246522133524253335422223274126226332
2494112222322237922342431232232226234244222444462443322343222453227312243331323454723484224322435423
2214331733352633333224122133232735421322132323425223222233333322222222223623333223352333322233234213
4333433132233322343436343253334525321533443243324233434244533433323214323443342233234335323343343322
3312232134325232333214331332427428132231332274233223223322241122422123414222422244112342323144223323
4334442312332233343423132533442422432332122235122122534215242123394222232331332422222434223323133322
2212262222923722822222351221121265422422221222262222321214222322127212212236232222222223342222252223
3231235221222322212222745572232353222433733222133214212321633324521422322144223214212122122222221212
2122122483332431921224221322155122224413151523221422155223531256211535242524242324532731626224532412
3261231122372242231762353332536533663323363523342333236222744153222325835344323213533466527314122122
2212222522123223312313222322137332221333121332222222822532242233243142223222322123122432349312122222
9225222526567255351762357511356235749624332812219429316442865342125555252422221215227222123522187682
1252124322222232322221222252222212132332222223222212512412222344213432122224222132212233432312412423
3132333343233442231221324832223423333423423432233442122314232231332223232232132424423323332233323424
5675282449314322358235412435224752158445442344263443262225134224412442433243372334446234443744572482
4343333453222453433512443333233443334534415433532524332333239233333435553313344334353443442422444433
3336293333423453327534332834264359684243236323633159521353333333424162513532337334222573332225733686
2412515355412253215444422432444335444425411144413511424344325345122512533234423142232243521122216789
4432215232431123222443322344124422232542432412243333323322544223442342335422311424232233333233324431
4543522523352635232462343325354246335642556436644652546552366533335666456426225564335125463242323426
5142222322222123223222837412322262422213322132222232223311252231222122222216226242221223136154222212
2332222222172322313223421222312223221323123232332235333323232333121222223222212323323522422232323312
5151222222131232222211122323212231522141222432222221224124121212242121212722222132242121224432442224
5345645333636643563223525454556653537354343552544454435545542655527546525555338462654655449546355657
2232332243313222233231222223323222232233222322123323333342224322241331333122323422224113222322232232
4885548834678558768488984653535789876514879445537655447577567445676585448867846643464755455756253837
4345568355465545148333424674669747355344346365344652535545457425645436245643555537585555782485375453
2333422232232123326782532443222483433127523655233351393325285422371234326965183373212222772243262243
8645624423745355556574145273556555634565547675444264434744444661774476462355546765845562364256465454
2362563623255426577325425555555366646723284434766362545554666632545333534445923455252264546426565268
1323222222232214222221223222212222221222222321123227221215242223212722223422223121123322331423623212
2322222122622222223523221312222232122221224122222322222232313422224142222222223252113121332222222232
5534753545636455555548758526655635758485545338262855555243453554433452257545458655554845365445255545
4333223533233333323273353432333332437334345382223333323222542223333332323333323332433332134523343332
